R2000_1

VEHICLE
NUMBER     CAPACITY
1000         1000

CUSTOMER
CUST NO.  XCOORD.   YCOORD.    DEMAND   READY TIME  DUE DATE   SERVICE   TIME
 
0      40         40          0          0       1000000000          0
1 35 62 1 574 678 10
2 62 21 21 702 826 10
3 22 64 9 132 288 10
4 76 70 23 604 742 10
5 28 40 5 437 715 10
6 54 57 3 836 949 10
7 29 44 29 56 252 10
8 40 1 3 926 935 10
9 61 70 12 772 939 10
10 29 49 31 566 951 10
11 6 29 16 348 733 10
12 74 52 27 126 582 10
13 31 63 3 903 968 10
14 25 45 20 81 519 10
15 69 34 16 727 850 10
16 64 11 18 893 927 10
17 56 56 17 762 877 10
18 17 73 10 523 796 10
19 35 72 4 898 925 10
20 4 14 18 141 355 10
21 3 53 33 969 977 10
22 47 42 7 623 632 10
23 3 44 17 409 507 10
24 26 40 17 742 806 10
25 8 48 13 299 532 10
26 45 0 14 147 192 10
27 49 72 15 813 948 10
28 63 79 21 832 933 10
29 76 63 4 476 717 10
30 22 49 38 553 777 10
31 38 15 29 751 948 10
32 30 4 4 386 647 10
33 36 78 5 405 953 10
34 9 9 23 134 174 10
35 59 46 12 187 438 10
36 37 8 22 144 332 10
37 18 71 8 110 366 10
38 33 42 13 231 287 10
39 0 24 18 372 570 10
40 34 48 11 585 865 10
41 73 50 11 901 931 10
42 56 11 23 752 934 10
43 59 66 12 302 389 10
44 50 35 2 186 320 10
45 12 45 15 501 627 10
46 42 76 3 202 270 10
47 38 40 13 370 964 10
48 42 65 22 119 323 10
49 4 53 26 564 873 10
50 61 56 15 212 372 10
51 63 44 20 938 941 10
52 77 11 18 857 917 10
53 2 47 17 860 976 10
54 9 76 20 394 632 10
55 26 15 27 108 111 10
56 36 73 29 825 958 10
57 70 20 4 562 649 10
58 27 14 22 614 640 10
59 72 56 30 662 796 10
60 58 72 17 127 178 10
61 62 47 8 317 575 10
62 23 12 12 573 580 10
63 26 52 18 395 480 10
64 5 4 5 517 525 10
65 25 47 30 568 848 10
66 68 22 20 248 252 10
67 13 10 22 911 927 10
68 79 14 21 706 916 10
69 25 45 21 723 930 10
70 0 72 15 231 433 10
71 78 44 27 94 417 10
72 6 26 4 448 552 10
73 58 11 8 113 189 10
74 44 21 9 674 853 10
75 77 53 25 384 493 10
76 20 8 14 340 391 10
77 62 62 14 844 941 10
78 60 73 23 928 938 10
79 52 45 25 771 886 10
80 16 55 11 451 646 10
81 76 71 10 763 925 10
82 79 65 23 127 436 10
83 43 36 6 640 729 10
84 71 77 13 505 671 10
85 47 29 23 441 455 10
86 25 69 12 746 967 10
87 17 58 9 630 980 10
88 29 64 26 818 960 10
89 62 56 9 407 640 10
90 49 39 10 371 415 10
91 67 56 19 794 917 10
92 35 2 35 138 155 10
93 29 58 13 342 776 10
94 38 27 15 110 274 10
95 51 10 1 243 936 10
96 13 58 21 433 470 10
97 10 29 16 288 618 10
98 48 8 19 773 903 10
99 64 75 15 919 934 10
100 78 70 12 76 241 10
101 50 74 22 143 336 10
102 57 57 1 573 694 10
103 3 35 5 764 814 10
104 22 26 1 144 359 10
105 6 60 1 505 743 10
106 40 52 19 122 608 10
107 50 29 1 751 949 10
108 35 33 7 235 888 10
109 38 78 13 499 781 10
110 29 0 37 164 500 10
111 73 69 1 802 844 10
112 28 50 11 921 941 10
113 28 17 2 896 953 10
114 17 33 5 684 847 10
115 5 52 30 279 422 10
116 60 74 9 516 849 10
117 30 23 19 101 172 10
118 29 66 23 518 963 10
119 72 34 27 391 478 10
120 0 3 42 739 941 10
121 11 47 19 647 720 10
122 8 23 31 413 566 10
123 4 49 6 642 765 10
124 1 68 22 925 966 10
125 24 60 1 685 762 10
126 45 3 9 882 934 10
127 45 52 12 752 959 10
128 14 63 15 896 975 10
129 48 44 20 917 955 10
130 50 54 2 596 685 10
131 19 63 12 371 438 10
132 68 58 12 422 936 10
133 55 37 26 140 346 10
134 68 53 16 365 446 10
135 26 41 32 348 696 10
136 31 2 6 466 491 10
137 46 68 7 175 250 10
138 76 54 10 333 457 10
139 6 32 12 153 234 10
140 3 13 21 179 520 10
141 45 13 7 798 943 10
142 45 41 21 902 958 10
143 69 57 7 552 935 10
144 72 22 13 381 871 10
145 20 55 11 380 472 10
146 72 78 19 145 367 10
147 51 26 9 880 947 10
148 48 65 10 249 308 10
149 50 9 22 711 760 10
150 22 78 7 319 877 10
151 34 45 4 403 433 10
152 42 15 1 571 830 10
153 13 40 15 621 753 10
154 79 31 28 180 276 10
155 57 14 1 401 602 10
156 5 12 25 227 474 10
157 12 22 2 839 961 10
158 42 61 20 770 959 10
159 70 50 28 626 718 10
160 68 47 18 894 936 10
161 55 42 5 504 763 10
162 71 4 2 793 917 10
163 62 11 11 690 807 10
164 4 4 11 665 893 10
165 4 41 10 528 786 10
166 32 79 20 178 315 10
167 8 26 7 319 327 10
168 79 32 21 193 245 10
169 70 45 25 484 790 10
170 76 70 25 366 445 10
171 62 2 13 776 876 10
172 77 41 5 590 927 10
173 16 70 18 99 355 10
174 17 11 19 44 77 10
175 58 77 12 110 298 10
176 42 35 6 55 287 10
177 1 48 20 523 543 10
178 77 77 10 813 922 10
179 74 14 27 193 317 10
180 49 33 28 446 667 10
181 29 2 19 109 340 10
182 69 53 24 516 634 10
183 6 70 15 735 967 10
184 62 25 17 926 936 10
185 65 40 32 574 939 10
186 1 34 20 280 303 10
187 35 19 5 881 952 10
188 66 59 16 200 262 10
189 46 39 31 472 757 10
190 38 21 19 729 901 10
191 48 60 8 936 955 10
192 21 41 3 927 978 10
193 7 57 12 648 805 10
194 70 45 4 272 455 10
195 79 14 16 244 472 10
196 0 36 23 797 969 10
197 74 67 23 81 161 10
198 37 72 26 586 958 10
199 18 24 9 429 721 10
200 57 57 11 322 682 10
201 1 22 10 321 692 10
202 46 74 1 234 300 10
203 27 9 1 445 620 10
204 41 55 19 880 963 10
205 23 68 24 702 911 10
206 72 61 2 361 790 10
207 20 75 2 649 824 10
208 75 59 22 348 885 10
209 72 18 29 501 924 10
210 39 64 14 472 495 10
211 76 50 19 805 886 10
212 72 55 15 254 791 10
213 3 66 21 936 965 10
214 29 74 12 275 300 10
215 38 10 16 844 855 10
216 77 1 12 344 715 10
217 54 11 9 361 616 10
218 12 51 31 161 476 10
219 78 55 24 486 576 10
220 60 34 19 768 941 10
221 11 17 18 37 271 10
222 61 4 15 216 369 10
223 39 14 15 333 468 10
224 50 44 25 158 327 10
225 45 65 14 707 956 10
226 75 15 21 463 665 10
227 57 55 7 120 507 10
228 20 73 23 718 745 10
229 42 44 23 98 499 10
230 25 27 7 337 567 10
231 26 78 16 792 959 10
232 16 53 23 408 455 10
233 45 4 26 297 430 10
234 43 16 15 836 946 10
235 7 69 13 482 968 10
236 2 77 2 933 959 10
237 26 32 14 669 909 10
238 10 10 27 301 519 10
239 33 49 13 25 183 10
240 10 77 9 173 476 10
241 14 60 32 105 330 10
242 38 61 26 80 735 10
243 24 1 23 545 667 10
244 37 56 17 908 967 10
245 5 53 10 953 978 10
246 27 47 14 950 977 10
247 18 21 6 125 749 10
248 74 66 10 383 504 10
249 11 51 1 393 773 10
250 70 59 1 408 441 10
251 41 10 21 220 783 10
252 3 66 15 285 714 10
253 9 41 5 536 721 10
254 69 3 28 296 466 10
255 55 38 26 167 327 10
256 13 5 4 866 944 10
257 2 19 26 404 543 10
258 9 32 22 888 971 10
259 3 74 17 288 813 10
260 74 64 5 519 651 10
261 15 46 13 429 487 10
262 72 77 27 635 926 10
263 5 25 19 47 191 10
264 55 51 13 810 949 10
265 50 66 17 373 550 10
266 57 26 32 749 942 10
267 13 61 3 67 227 10
268 28 7 17 124 296 10
269 58 70 16 269 800 10
270 3 13 26 446 742 10
271 33 27 10 106 126 10
272 3 9 16 537 836 10
273 35 5 6 333 448 10
274 65 69 24 559 729 10
275 10 15 27 436 690 10
276 34 77 16 418 853 10
277 61 10 13 664 743 10
278 74 66 37 833 927 10
279 31 11 32 119 171 10
280 4 7 9 553 656 10
281 70 13 1 901 923 10
282 29 52 26 902 976 10
283 48 31 16 817 952 10
284 29 5 10 342 547 10
285 34 57 1 607 969 10
286 61 15 10 776 932 10
287 69 2 11 767 918 10
288 72 18 24 356 849 10
289 10 25 16 690 965 10
290 67 66 7 899 934 10
291 27 19 2 793 816 10
292 42 21 5 371 415 10
293 2 50 1 893 977 10
294 41 3 22 706 720 10
295 60 79 7 448 808 10
296 64 27 15 766 936 10
297 26 28 4 425 778 10
298 35 46 6 587 599 10
299 49 14 6 907 935 10
300 69 56 21 109 282 10
301 13 68 1 259 379 10
302 1 51 15 100 623 10
303 12 20 19 430 503 10
304 27 0 2 334 457 10
305 35 63 12 250 401 10
306 54 43 1 273 330 10
307 45 1 17 593 628 10
308 48 79 25 256 421 10
309 17 46 5 622 746 10
310 66 63 1 701 763 10
311 26 28 23 434 742 10
312 76 17 20 514 798 10
313 16 12 15 416 821 10
314 39 20 3 108 311 10
315 44 5 14 223 340 10
316 30 36 17 337 565 10
317 62 57 23 231 322 10
318 18 1 14 480 883 10
319 20 32 29 93 202 10
320 0 37 21 71 537 10
321 68 73 8 559 877 10
322 18 79 8 933 960 10
323 0 26 8 472 556 10
324 63 7 14 104 487 10
325 35 30 21 568 961 10
326 66 56 11 730 938 10
327 28 1 15 699 714 10
328 55 33 23 819 946 10
329 68 46 11 220 730 10
330 75 70 21 498 505 10
331 36 1 14 861 936 10
332 5 25 14 844 963 10
333 47 48 1 302 472 10
334 40 11 15 113 459 10
335 70 59 11 59 396 10
336 29 66 8 245 294 10
337 7 5 21 394 944 10
338 40 74 11 377 861 10
339 11 45 9 809 939 10
340 4 13 17 672 802 10
341 5 72 18 399 807 10
342 35 8 4 630 634 10
343 53 40 4 293 484 10
344 32 58 10 624 915 10
345 13 30 5 821 969 10
346 21 24 14 592 819 10
347 14 38 21 813 977 10
348 50 4 13 374 466 10
349 15 22 2 526 902 10
350 56 26 27 619 915 10
351 34 56 12 743 889 10
352 12 35 25 371 798 10
353 50 74 1 44 140 10
354 28 65 12 129 177 10
355 51 57 19 706 931 10
356 59 77 4 875 938 10
357 19 3 15 155 649 10
358 19 3 22 384 943 10
359 56 66 1 370 420 10
360 74 37 13 172 694 10
361 40 21 17 569 773 10
362 7 63 9 374 875 10
363 11 64 9 811 919 10
364 70 39 16 372 646 10
365 73 32 6 195 274 10
366 16 51 21 372 413 10
367 31 49 18 277 777 10
368 34 47 24 212 565 10
369 76 44 11 720 731 10
370 72 11 18 507 698 10
371 0 49 9 389 504 10
372 43 62 7 884 959 10
373 65 76 4 750 933 10
374 48 23 17 244 390 10
375 66 30 9 297 516 10
376 48 49 8 852 956 10
377 35 15 9 679 871 10
378 35 73 16 110 114 10
379 53 6 5 478 549 10
380 45 9 8 79 280 10
381 79 79 10 779 790 10
382 55 29 7 72 395 10
383 32 74 19 418 960 10
384 19 53 4 928 984 10
385 38 2 15 309 675 10
386 8 71 16 753 967 10
387 71 73 32 827 928 10
388 24 23 5 728 882 10
389 52 47 20 910 952 10
390 78 49 10 290 354 10
391 12 66 17 244 424 10
392 65 7 12 718 924 10
393 71 1 20 669 916 10
394 69 71 20 457 663 10
395 68 52 9 171 302 10
396 26 43 15 159 163 10
397 19 69 21 808 940 10
398 14 29 17 409 422 10
399 60 24 10 235 511 10
400 49 17 14 233 484 10
401 69 51 8 163 570 10
402 37 18 3 271 409 10
403 66 7 31 542 923 10
404 16 18 29 729 958 10
405 47 50 7 125 135 10
406 78 14 25 553 917 10
407 63 12 20 407 717 10
408 28 76 13 919 948 10
409 10 21 22 386 667 10
410 64 77 34 890 933 10
411 7 46 19 354 831 10
412 32 71 25 905 961 10
413 6 14 17 584 602 10
414 4 24 20 397 554 10
415 15 0 6 600 902 10
416 10 9 15 109 152 10
417 58 19 19 283 377 10
418 72 26 5 871 888 10
419 69 18 5 362 927 10
420 30 43 7 764 973 10
421 41 33 2 158 467 10
422 31 27 19 672 687 10
423 32 36 29 720 932 10
424 30 52 33 177 645 10
425 70 45 8 583 659 10
426 34 20 12 158 200 10
427 69 13 21 440 919 10
428 46 58 3 577 944 10
429 58 32 13 250 378 10
430 9 61 1 590 925 10
431 42 57 27 822 899 10
432 47 33 25 777 952 10
433 74 79 1 393 645 10
434 43 58 35 43 48 10
435 2 69 15 686 737 10
436 79 26 24 659 921 10
437 68 48 18 881 936 10
438 35 42 23 617 816 10
439 62 20 26 494 784 10
440 37 67 14 315 755 10
441 54 29 26 720 927 10
442 11 32 23 450 607 10
443 74 53 19 549 847 10
444 33 45 29 328 631 10
445 3 79 9 584 957 10
446 49 62 12 609 952 10
447 74 27 24 438 551 10
448 64 69 7 227 743 10
449 53 47 17 722 951 10
450 71 35 13 843 932 10
451 19 65 12 136 480 10
452 55 32 13 187 409 10
453 0 76 8 65 223 10
454 48 0 3 277 493 10
455 39 47 28 436 629 10
456 24 36 15 37 158 10
457 39 46 18 680 811 10
458 69 66 16 223 519 10
459 62 43 11 419 667 10
460 49 58 25 137 527 10
461 45 62 14 588 957 10
462 78 63 22 915 925 10
463 49 12 17 783 939 10
464 38 22 20 144 614 10
465 12 62 13 871 977 10
466 4 6 17 697 944 10
467 53 41 12 650 669 10
468 35 24 4 113 200 10
469 1 23 22 741 832 10
470 21 2 5 94 295 10
471 64 26 29 141 206 10
472 71 64 1 787 882 10
473 77 76 1 766 788 10
474 47 24 13 319 592 10
475 73 4 37 692 711 10
476 18 29 20 518 653 10
477 32 75 9 568 576 10
478 46 14 23 501 590 10
479 47 74 12 909 949 10
480 10 78 15 595 910 10
481 12 65 19 728 973 10
482 54 32 4 597 604 10
483 17 61 9 961 977 10
484 67 42 16 122 511 10
485 32 1 20 377 455 10
486 11 64 28 791 836 10
487 33 27 26 917 960 10
488 23 57 2 487 977 10
489 79 44 14 199 325 10
490 71 13 25 770 923 10
491 70 56 12 327 526 10
492 33 69 6 371 462 10
493 18 45 9 418 984 10
494 2 30 34 964 966 10
495 28 7 15 754 944 10
496 3 27 25 848 889 10
497 28 79 21 45 532 10
498 75 10 6 119 470 10
499 41 38 24 513 531 10
500 32 74 5 45 67 10
501 41 64 15 540 668 10
502 70 61 34 634 755 10
503 37 5 26 843 902 10
504 37 16 15 47 658 10
505 16 14 17 504 758 10
506 28 72 25 762 963 10
507 34 14 15 252 578 10
508 60 4 28 897 925 10
509 6 3 13 678 942 10
510 37 48 10 162 299 10
511 14 41 24 209 720 10
512 56 73 17 515 563 10
513 42 77 18 81 98 10
514 43 0 33 142 146 10
515 37 41 14 298 484 10
516 12 52 8 779 787 10
517 10 36 28 932 975 10
518 78 10 28 552 861 10
519 4 5 5 824 836 10
520 7 65 20 463 818 10
521 50 62 16 156 248 10
522 6 77 14 366 389 10
523 70 50 4 504 934 10
524 74 31 1 864 927 10
525 39 54 23 459 866 10
526 22 54 15 657 981 10
527 39 63 35 107 325 10
528 17 59 16 270 451 10
529 36 32 19 484 516 10
530 73 12 10 413 860 10
531 10 30 14 395 491 10
532 43 75 12 648 878 10
533 25 7 9 308 482 10
534 75 68 15 769 926 10
535 2 9 3 886 947 10
536 66 11 31 306 898 10
537 45 38 1 566 957 10
538 24 4 22 597 666 10
539 74 72 21 772 875 10
540 57 52 1 321 626 10
541 31 77 15 892 911 10
542 56 39 9 712 940 10
543 26 9 1 479 948 10
544 77 21 29 893 921 10
545 14 17 1 648 835 10
546 60 75 6 520 805 10
547 40 52 5 451 613 10
548 27 10 8 581 948 10
549 54 31 15 567 717 10
550 2 40 12 136 584 10
551 42 17 22 889 948 10
552 0 35 11 151 348 10
553 40 6 20 619 805 10
554 65 19 13 279 306 10
555 0 18 1 590 955 10
556 6 66 16 852 971 10
557 57 19 17 248 254 10
558 5 34 26 112 222 10
559 56 57 13 344 717 10
560 15 59 6 667 980 10
561 76 41 7 916 927 10
562 34 1 28 834 899 10
563 40 54 27 420 768 10
564 11 53 19 622 984 10
565 3 34 14 113 482 10
566 68 33 1 484 523 10
567 7 4 11 405 500 10
568 8 38 3 331 571 10
569 53 7 9 629 672 10
570 66 62 14 665 936 10
571 4 25 12 813 963 10
572 30 40 25 880 972 10
573 35 37 14 665 873 10
574 8 29 16 757 968 10
575 1 35 17 145 674 10
576 71 62 29 391 609 10
577 19 58 8 37 80 10
578 25 39 9 276 285 10
579 4 46 16 953 977 10
580 22 23 3 706 770 10
581 10 71 10 504 653 10
582 36 52 17 633 914 10
583 64 22 12 258 451 10
584 21 30 16 401 586 10
585 33 74 14 302 738 10
586 69 35 4 455 827 10
587 2 8 15 469 946 10
588 15 19 30 408 513 10
589 65 71 9 662 934 10
590 2 45 1 125 397 10
591 64 33 20 325 572 10
592 42 22 21 447 619 10
593 52 7 10 326 933 10
594 65 64 5 579 717 10
595 15 51 27 401 788 10
596 66 37 13 190 447 10
597 46 8 38 768 801 10
598 36 70 14 330 461 10
599 37 37 25 259 543 10
600 15 3 26 49 162 10
601 49 45 14 367 713 10
602 8 59 12 635 799 10
603 14 27 16 416 822 10
604 38 51 19 860 966 10
605 49 60 18 195 496 10
606 22 39 34 125 309 10
607 54 40 30 797 916 10
608 61 23 27 296 459 10
609 43 19 16 188 213 10
610 35 64 25 245 361 10
611 8 18 10 392 603 10
612 63 45 9 301 878 10
613 66 77 6 147 250 10
614 77 75 13 306 721 10
615 44 7 17 450 591 10
616 59 45 9 292 644 10
617 59 36 8 743 832 10
618 12 79 25 792 934 10
619 71 64 36 594 699 10
620 32 17 13 800 952 10
621 23 49 1 803 822 10
622 19 63 34 849 975 10
623 1 38 18 805 972 10
624 58 54 10 101 284 10
625 33 55 25 548 969 10
626 29 18 19 894 955 10
627 62 58 17 877 941 10
628 56 2 17 860 927 10
629 19 29 3 968 969 10
630 46 7 12 772 936 10
631 18 65 31 944 974 10
632 60 64 19 81 233 10
633 23 62 4 551 710 10
634 17 23 22 360 693 10
635 67 59 10 911 936 10
636 26 45 12 37 117 10
637 55 7 16 289 931 10
638 4 69 27 310 712 10
639 50 69 29 157 363 10
640 7 69 2 59 148 10
641 3 76 27 160 450 10
642 18 60 2 666 943 10
643 32 32 8 426 715 10
644 20 40 8 360 454 10
645 14 4 21 285 353 10
646 29 57 16 696 788 10
647 37 73 23 849 956 10
648 13 57 12 211 245 10
649 69 10 16 903 922 10
650 77 60 14 393 457 10
651 73 3 6 733 832 10
652 22 65 9 568 813 10
653 21 4 13 563 672 10
654 11 1 19 726 811 10
655 62 27 17 593 707 10
656 59 4 10 388 533 10
657 6 63 15 27 261 10
658 29 8 15 274 419 10
659 32 52 14 610 724 10
660 34 16 14 422 479 10
661 35 59 23 566 949 10
662 7 40 7 418 977 10
663 67 79 19 672 828 10
664 50 22 10 266 408 10
665 10 1 18 940 941 10
666 27 38 11 644 788 10
667 43 2 14 488 604 10
668 4 1 6 118 163 10
669 40 21 30 498 618 10
670 35 77 29 648 672 10
671 63 22 19 98 279 10
672 44 15 1 343 831 10
673 63 7 12 352 484 10
674 67 19 1 574 928 10
675 34 34 11 855 922 10
676 8 72 19 268 569 10
677 11 72 9 874 940 10
678 0 13 21 649 951 10
679 67 24 12 423 566 10
680 67 72 26 598 766 10
681 71 69 14 114 930 10
682 67 20 4 861 930 10
683 67 49 4 385 400 10
684 78 48 9 755 926 10
685 52 52 14 102 249 10
686 44 14 3 355 501 10
687 78 7 24 290 734 10
688 59 41 4 744 944 10
689 23 18 12 570 880 10
690 40 74 4 36 173 10
691 45 79 1 787 947 10
692 34 33 19 629 720 10
693 50 72 34 350 556 10
694 5 44 11 130 446 10
695 12 57 3 434 650 10
696 10 0 19 836 876 10
697 43 1 1 364 658 10
698 42 3 17 214 425 10
699 12 67 18 950 972 10
700 63 24 32 296 908 10
701 31 35 15 372 630 10
702 1 49 1 413 671 10
703 64 18 34 795 811 10
704 32 39 29 314 682 10
705 40 26 19 484 572 10
706 8 51 21 981 982 10
707 12 15 8 458 955 10
708 4 73 7 127 250 10
709 66 12 1 911 926 10
710 69 40 22 590 935 10
711 10 9 14 767 819 10
712 17 71 2 416 721 10
713 36 55 1 649 948 10
714 31 49 16 516 693 10
715 57 40 3 404 781 10
716 60 66 19 710 941 10
717 44 43 13 738 780 10
718 47 2 5 146 582 10
719 79 5 1 730 766 10
720 65 10 32 697 801 10
721 12 28 18 899 968 10
722 20 17 23 782 957 10
723 45 38 18 689 769 10
724 7 41 1 233 504 10
725 15 38 8 952 977 10
726 22 0 34 596 714 10
727 71 29 22 555 925 10
728 33 70 19 734 923 10
729 60 43 32 46 50 10
730 72 73 1 690 927 10
731 37 45 1 79 216 10
732 2 11 5 472 609 10
733 31 66 13 570 966 10
734 36 55 33 551 968 10
735 51 52 19 696 856 10
736 61 0 14 643 646 10
737 24 55 12 760 905 10
738 7 41 23 888 977 10
739 71 77 29 491 651 10
740 56 61 30 790 947 10
741 27 20 22 727 957 10
742 53 11 1 532 736 10
743 37 1 21 67 317 10
744 60 16 9 390 896 10
745 67 61 25 504 634 10
746 14 70 3 112 209 10
747 7 16 12 67 462 10
748 29 13 7 259 486 10
749 27 45 11 717 724 10
750 12 62 5 635 977 10
751 2 0 8 647 721 10
752 25 42 20 906 977 10
753 50 70 22 484 663 10
754 51 1 15 178 669 10
755 55 70 14 631 944 10
756 60 21 25 614 692 10
757 40 9 10 609 942 10
758 48 55 29 635 944 10
759 6 32 11 592 734 10
760 41 64 29 635 773 10
761 7 37 10 516 563 10
762 45 42 1 905 959 10
763 14 46 12 915 986 10
764 62 79 23 932 933 10
765 4 3 18 522 538 10
766 42 48 31 885 927 10
767 6 56 1 320 597 10
768 9 15 28 579 889 10
769 62 36 11 501 649 10
770 24 29 9 942 967 10
771 61 14 8 843 932 10
772 11 40 21 580 596 10
773 1 27 1 896 963 10
774 27 40 20 302 791 10
775 39 28 24 608 790 10
776 16 12 15 386 543 10
777 44 35 1 886 957 10
778 68 72 25 217 345 10
779 70 77 15 851 927 10
780 16 58 17 927 981 10
781 45 46 1 428 550 10
782 36 46 11 476 546 10
783 5 0 5 396 878 10
784 37 63 19 408 606 10
785 73 57 13 665 930 10
786 10 57 1 391 762 10
787 49 30 21 950 951 10
788 62 8 7 135 273 10
789 32 59 19 876 969 10
790 0 74 29 852 961 10
791 36 5 10 600 882 10
792 72 9 24 236 240 10
793 71 16 19 733 924 10
794 74 39 6 413 928 10
795 28 12 25 695 950 10
796 58 66 16 247 577 10
797 25 78 7 198 202 10
798 37 45 3 286 305 10
799 11 7 12 482 885 10
800 6 60 10 345 399 10
801 59 25 18 385 581 10
802 67 42 2 338 446 10
803 66 14 1 606 889 10
804 22 46 7 913 982 10
805 74 4 20 250 564 10
806 65 13 16 389 451 10
807 35 29 24 642 961 10
808 5 63 20 353 880 10
809 40 14 18 204 280 10
810 41 47 8 686 963 10
811 35 11 19 631 744 10
812 76 33 14 302 373 10
813 10 52 12 800 928 10
814 47 20 10 260 412 10
815 22 64 19 941 973 10
816 4 22 5 881 960 10
817 74 67 21 327 852 10
818 72 47 7 680 932 10
819 61 27 17 728 938 10
820 30 30 8 620 783 10
821 34 56 15 513 633 10
822 19 14 3 648 844 10
823 17 57 12 516 647 10
824 50 63 14 313 417 10
825 62 11 8 794 859 10
826 6 20 10 470 473 10
827 51 45 6 423 562 10
828 71 73 13 893 928 10
829 12 9 32 715 949 10
830 0 22 19 473 903 10
831 9 36 11 257 426 10
832 15 0 29 622 664 10
833 71 79 24 231 364 10
834 64 2 20 652 921 10
835 42 48 11 520 743 10
836 68 32 2 70 368 10
837 20 60 1 269 309 10
838 63 62 24 619 886 10
839 75 32 3 893 926 10
840 52 42 9 835 951 10
841 33 32 11 730 965 10
842 29 67 16 892 967 10
843 37 46 26 776 967 10
844 13 43 11 40 294 10
845 43 40 16 725 943 10
846 51 43 4 590 952 10
847 25 63 8 486 855 10
848 45 33 29 367 735 10
849 26 73 10 864 963 10
850 74 0 10 665 807 10
851 7 10 23 301 438 10
852 50 20 4 881 944 10
853 46 44 29 101 200 10
854 16 52 4 544 708 10
855 75 28 28 429 621 10
856 2 37 9 338 631 10
857 5 39 21 561 976 10
858 55 6 25 759 787 10
859 18 39 24 769 918 10
860 43 39 4 650 844 10
861 64 24 3 55 474 10
862 9 44 16 536 784 10
863 61 34 4 212 647 10
864 6 47 3 184 297 10
865 67 14 32 403 544 10
866 73 8 7 284 660 10
867 10 0 21 274 570 10
868 62 44 29 211 398 10
869 52 41 8 177 519 10
870 63 20 24 682 873 10
871 42 4 21 309 472 10
872 10 11 11 367 623 10
873 53 8 12 244 508 10
874 60 36 17 873 942 10
875 55 28 20 717 815 10
876 61 65 14 188 447 10
877 74 16 10 84 535 10
878 48 2 22 674 932 10
879 23 3 11 419 625 10
880 7 24 12 459 741 10
881 4 46 7 941 978 10
882 57 60 17 914 946 10
883 55 9 13 140 347 10
884 22 20 22 106 577 10
885 5 0 11 714 939 10
886 21 2 17 682 834 10
887 37 43 6 123 135 10
888 16 18 4 483 595 10
889 52 1 7 369 861 10
890 23 38 40 405 759 10
891 41 76 14 237 535 10
892 60 64 16 634 942 10
893 26 30 4 284 309 10
894 54 56 36 126 235 10
895 8 21 18 869 960 10
896 2 32 20 501 968 10
897 0 53 1 261 335 10
898 69 30 20 461 561 10
899 22 8 5 355 416 10
900 64 38 24 393 732 10
901 70 12 24 118 451 10
902 17 58 4 480 567 10
903 5 65 5 252 555 10
904 68 2 23 283 918 10
905 5 37 24 878 974 10
906 16 18 2 674 958 10
907 34 18 10 262 396 10
908 66 71 18 712 934 10
909 65 76 13 455 933 10
910 53 3 14 111 114 10
911 70 75 18 315 425 10
912 77 59 17 370 794 10
913 74 7 10 599 916 10
914 66 58 20 312 629 10
915 76 9 33 504 858 10
916 21 15 6 202 301 10
917 11 21 12 335 361 10
918 6 15 12 479 639 10
919 75 77 19 317 488 10
920 0 14 3 424 578 10
921 74 54 2 69 187 10
922 65 79 14 121 531 10
923 6 45 18 728 980 10
924 69 19 25 316 721 10
925 47 78 23 849 902 10
926 15 23 22 421 602 10
927 39 52 12 539 807 10
928 48 56 2 345 530 10
929 25 35 2 751 914 10
930 24 34 7 344 381 10
931 4 76 16 661 696 10
932 14 6 23 206 229 10
933 74 66 11 708 828 10
934 77 65 1 325 925 10
935 2 45 26 184 591 10
936 11 46 29 529 985 10
937 6 36 15 468 885 10
938 68 26 17 597 627 10
939 27 73 14 98 434 10
940 50 13 21 98 347 10
941 69 7 18 625 631 10
942 47 50 11 312 483 10
943 26 12 13 234 606 10
944 51 31 19 672 681 10
945 65 18 22 764 930 10
946 53 46 21 519 543 10
947 6 3 1 931 942 10
948 68 11 31 819 924 10
949 8 8 10 781 948 10
950 23 42 1 522 805 10
951 69 69 18 202 243 10
952 28 7 25 720 946 10
953 35 75 6 674 725 10
954 3 24 5 699 876 10
955 62 63 20 177 209 10
956 68 43 34 739 897 10
957 47 11 6 509 605 10
958 2 12 10 905 950 10
959 60 29 32 322 454 10
960 22 19 6 781 877 10
961 69 29 40 706 931 10
962 71 75 24 351 395 10
963 69 29 21 594 931 10
964 51 34 14 120 630 10
965 58 55 28 525 946 10
966 34 32 22 644 868 10
967 48 51 23 748 957 10
968 9 56 14 167 236 10
969 28 33 15 479 860 10
970 25 45 9 498 660 10
971 2 78 7 890 958 10
972 77 22 3 779 922 10
973 52 62 17 742 792 10
974 75 53 8 450 557 10
975 36 67 23 54 104 10
976 65 74 17 119 159 10
977 56 64 4 547 762 10
978 76 30 2 783 925 10
979 58 10 5 619 628 10
980 16 70 32 623 764 10
981 55 56 1 764 949 10
982 29 46 1 826 975 10
983 6 47 37 802 981 10
984 14 33 14 685 973 10
985 19 10 9 594 950 10
986 71 72 8 367 551 10
987 50 12 8 814 938 10
988 58 79 1 766 919 10
989 62 78 11 802 934 10
990 64 33 25 341 787 10
991 37 60 26 811 925 10
992 64 11 20 426 566 10
993 6 28 14 703 967 10
994 77 55 31 518 619 10
995 1 17 25 484 613 10
996 58 53 26 223 346 10
997 3 28 1 271 965 10
998 60 69 11 669 941 10
999 76 70 21 91 353 10
1000 69 56 15 501 935 10
1001 53 30 18 300 324 10
1002 14 59 26 882 900 10
1003 61 12 26 511 808 10
1004 0 41 6 834 855 10
1005 60 35 22 455 942 10
1006 71 42 8 505 761 10
1007 70 36 3 832 932 10
1008 54 4 8 442 930 10
1009 59 53 17 86 276 10
1010 0 53 17 850 969 10
1011 63 66 8 828 939 10
1012 79 45 5 536 745 10
1013 68 7 13 130 327 10
1014 13 26 24 868 966 10
1015 76 8 21 419 618 10
1016 39 79 2 635 771 10
1017 49 44 26 366 459 10
1018 18 37 23 851 977 10
1019 37 45 12 445 831 10
1020 32 14 2 813 950 10
1021 12 59 15 292 525 10
1022 39 58 15 337 685 10
1023 33 58 8 586 913 10
1024 47 10 8 378 647 10
1025 45 23 1 272 722 10
1026 50 51 9 851 877 10
1027 44 31 24 911 915 10
1028 21 64 27 529 777 10
1029 71 8 1 842 919 10
1030 36 31 9 910 961 10
1031 53 44 28 409 776 10
1032 67 0 14 220 884 10
1033 51 9 25 70 375 10
1034 60 18 8 918 934 10
1035 17 32 30 416 546 10
1036 5 37 13 671 974 10
1037 28 6 14 463 490 10
1038 10 73 18 526 705 10
1039 69 62 2 355 730 10
1040 57 53 27 772 947 10
1041 50 31 16 111 371 10
1042 61 17 18 530 583 10
1043 56 24 11 465 941 10
1044 62 48 33 816 942 10
1045 69 6 18 648 652 10
1046 43 73 22 320 952 10
1047 49 44 30 572 873 10
1048 26 66 12 395 419 10
1049 19 23 6 754 917 10
1050 48 31 6 120 424 10
1051 32 42 27 768 969 10
1052 70 61 1 653 934 10
1053 68 67 10 842 934 10
1054 43 43 1 222 617 10
1055 0 49 23 341 770 10
1056 72 17 2 816 923 10
1057 25 20 2 135 388 10
1058 71 65 14 450 561 10
1059 20 16 15 389 640 10
1060 42 1 19 881 934 10
1061 33 7 20 505 619 10
1062 78 75 21 105 446 10
1063 60 51 2 581 762 10
1064 16 13 27 249 705 10
1065 11 36 1 238 282 10
1066 0 25 21 659 842 10
1067 48 79 33 258 365 10
1068 41 8 1 530 651 10
1069 4 26 29 77 401 10
1070 44 67 7 844 955 10
1071 4 71 23 564 747 10
1072 71 36 29 169 592 10
1073 72 12 5 788 921 10
1074 58 37 14 271 415 10
1075 77 42 15 229 678 10
1076 68 65 1 433 559 10
1077 67 15 30 868 927 10
1078 73 56 13 344 391 10
1079 4 70 12 281 338 10
1080 27 79 10 47 281 10
1081 36 64 6 95 686 10
1082 56 76 26 640 940 10
1083 57 39 36 64 570 10
1084 77 58 16 95 227 10
1085 39 26 25 927 956 10
1086 29 6 21 227 583 10
1087 61 74 25 401 493 10
1088 33 41 7 584 949 10
1089 0 34 5 303 474 10
1090 12 38 22 280 608 10
1091 40 39 18 627 931 10
1092 63 3 21 608 923 10
1093 57 44 22 176 202 10
1094 27 75 23 204 802 10
1095 60 64 15 897 942 10
1096 50 43 11 211 443 10
1097 57 42 24 779 921 10
1098 41 19 23 450 537 10
1099 58 79 11 473 658 10
1100 53 45 25 159 759 10
1101 28 5 21 138 264 10
1102 56 18 14 861 938 10
1103 62 28 19 74 121 10
1104 5 62 7 689 885 10
1105 31 28 12 488 742 10
1106 41 66 14 726 873 10
1107 24 43 4 683 775 10
1108 25 9 19 342 566 10
1109 13 6 12 216 317 10
1110 37 68 4 538 632 10
1111 8 68 13 80 600 10
1112 47 73 23 308 323 10
1113 14 78 7 570 708 10
1114 52 11 11 628 646 10
1115 6 32 11 900 969 10
1116 34 66 7 843 959 10
1117 52 1 16 848 928 10
1118 72 42 11 188 321 10
1119 6 49 13 663 974 10
1120 37 25 20 413 516 10
1121 22 75 17 394 640 10
1122 57 20 30 733 881 10
1123 27 37 17 931 972 10
1124 3 23 34 94 596 10
1125 29 49 24 735 975 10
1126 2 73 5 38 272 10
1127 19 10 13 181 261 10
1128 74 60 28 911 928 10
1129 76 68 18 250 466 10
1130 69 32 25 831 917 10
1131 55 9 13 445 594 10
1132 78 23 8 585 602 10
1133 4 74 19 137 616 10
1134 51 27 1 893 916 10
1135 43 70 15 56 312 10
1136 69 78 21 98 129 10
1137 78 34 4 827 869 10
1138 6 30 21 662 805 10
1139 75 41 17 373 407 10
1140 62 68 5 809 821 10
1141 34 54 36 229 661 10
1142 21 15 23 132 306 10
1143 65 41 34 378 939 10
1144 31 3 17 526 679 10
1145 9 55 24 322 473 10
1146 26 24 13 553 714 10
1147 69 69 19 148 304 10
1148 58 22 15 333 336 10
1149 28 22 8 527 849 10
1150 51 9 26 721 936 10
1151 29 36 5 631 969 10
1152 31 65 13 239 373 10
1153 77 73 17 752 923 10
1154 7 9 11 810 927 10
1155 78 11 27 811 835 10
1156 72 59 12 865 932 10
1157 27 0 7 607 838 10
1158 52 62 25 488 571 10
1159 74 8 33 174 363 10
1160 5 71 5 930 966 10
1161 56 17 8 469 767 10
1162 57 78 9 385 459 10
1163 4 57 26 601 860 10
1164 14 68 10 331 430 10
1165 50 25 18 94 118 10
1166 18 54 11 290 409 10
1167 50 47 33 762 953 10
1168 52 12 20 202 422 10
1169 71 34 12 433 643 10
1170 73 36 10 365 735 10
1171 50 9 35 694 936 10
1172 18 1 7 931 941 10
1173 6 12 13 866 952 10
1174 27 30 2 863 967 10
1175 57 38 27 883 946 10
1176 69 40 28 616 798 10
1177 78 34 30 891 924 10
1178 41 75 13 287 650 10
1179 41 30 9 770 957 10
1180 44 36 21 151 254 10
1181 75 59 20 708 927 10
1182 47 74 21 493 864 10
1183 68 49 17 742 925 10
1184 61 63 32 936 941 10
1185 63 7 14 828 868 10
1186 2 28 24 651 834 10
1187 22 4 6 665 944 10
1188 5 8 21 758 947 10
1189 49 16 29 718 942 10
1190 70 79 13 547 847 10
1191 62 58 20 525 941 10
1192 22 57 10 17 225 10
1193 52 10 5 197 420 10
1194 5 24 21 756 961 10
1195 55 47 11 70 309 10
1196 57 69 27 272 861 10
1197 64 7 12 383 678 10
1198 24 24 3 715 735 10
1199 51 26 24 596 684 10
1200 17 1 26 158 333 10
1201 69 8 6 403 922 10
1202 20 79 18 641 959 10
1203 66 19 5 922 930 10
1204 4 17 16 828 955 10
1205 51 61 12 173 202 10
1206 60 4 22 376 379 10
1207 49 27 19 233 299 10
1208 14 33 2 260 536 10
1209 22 3 7 644 844 10
1210 66 65 13 803 936 10
1211 27 60 9 458 709 10
1212 1 57 3 401 645 10
1213 11 52 23 393 405 10
1214 34 61 12 265 704 10
1215 16 27 13 84 340 10
1216 40 23 5 640 952 10
1217 53 2 12 793 927 10
1218 25 7 4 642 781 10
1219 14 66 17 66 162 10
1220 6 41 23 186 284 10
1221 78 33 18 252 371 10
1222 50 34 29 193 602 10
1223 44 62 19 105 130 10
1224 13 46 22 903 986 10
1225 45 12 19 732 751 10
1226 19 15 6 514 643 10
1227 22 46 20 332 488 10
1228 46 61 10 886 905 10
1229 32 53 11 938 972 10
1230 69 26 15 644 769 10
1231 4 63 23 511 514 10
1232 51 35 30 56 500 10
1233 1 30 21 963 966 10
1234 4 42 21 445 531 10
1235 16 21 7 161 585 10
1236 16 26 15 800 907 10
1237 0 21 22 72 248 10
1238 76 33 20 192 704 10
1239 43 48 9 830 961 10
1240 4 9 5 413 425 10
1241 40 47 20 79 774 10
1242 21 2 30 68 175 10
1243 70 72 12 451 665 10
1244 7 47 19 385 657 10
1245 55 4 13 836 928 10
1246 6 26 22 660 712 10
1247 47 74 2 523 587 10
1248 8 31 22 567 836 10
1249 60 63 10 532 656 10
1250 0 44 18 757 974 10
1251 38 24 9 118 621 10
1252 79 49 13 462 926 10
1253 66 36 1 571 710 10
1254 50 67 6 774 950 10
1255 53 11 23 154 544 10
1256 14 72 35 168 326 10
1257 51 72 8 576 861 10
1258 44 61 24 301 849 10
1259 3 26 25 98 325 10
1260 73 46 6 661 699 10
1261 57 49 1 766 947 10
1262 60 73 22 417 569 10
1263 59 16 20 118 198 10
1264 72 43 8 184 521 10
1265 52 38 8 880 918 10
1266 45 66 11 178 260 10
1267 47 37 22 940 956 10
1268 46 15 23 744 943 10
1269 76 32 23 558 860 10
1270 65 27 3 779 934 10
1271 3 67 15 97 176 10
1272 10 1 22 916 941 10
1273 14 33 8 737 834 10
1274 12 18 5 148 469 10
1275 9 23 22 797 961 10
1276 61 5 22 861 926 10
1277 50 12 16 690 939 10
1278 75 1 6 99 401 10
1279 27 9 10 497 738 10
1280 62 60 20 886 891 10
1281 38 2 21 382 567 10
1282 58 50 36 379 694 10
1283 12 49 5 810 986 10
1284 71 58 21 367 579 10
1285 4 12 1 327 346 10
1286 45 3 16 498 673 10
1287 33 2 7 529 687 10
1288 74 79 9 209 429 10
1289 44 65 10 665 957 10
1290 29 22 13 64 223 10
1291 18 73 7 799 966 10
1292 64 49 14 378 810 10
1293 64 62 12 580 939 10
1294 38 10 1 647 944 10
1295 2 74 29 326 547 10
1296 9 51 22 657 676 10
1297 40 32 13 319 776 10
1298 11 14 1 206 304 10
1299 48 67 1 609 952 10
1300 42 25 4 94 607 10
1301 60 14 19 362 476 10
1302 45 51 28 941 960 10
1303 61 67 5 721 940 10
1304 66 34 17 411 523 10
1305 13 43 23 609 983 10
1306 70 56 13 370 475 10
1307 44 51 24 369 373 10
1308 2 15 20 777 916 10
1309 72 14 42 157 623 10
1310 10 78 25 662 692 10
1311 19 75 11 574 964 10
1312 35 49 31 787 969 10
1313 51 31 18 732 761 10
1314 78 35 25 101 363 10
1315 64 77 8 303 656 10
1316 46 51 16 794 958 10
1317 48 51 11 605 956 10
1318 66 4 20 74 271 10
1319 22 20 25 919 960 10
1320 79 53 2 537 849 10
1321 65 21 11 245 364 10
1322 23 47 15 955 981 10
1323 47 27 17 450 592 10
1324 21 8 9 637 671 10
1325 13 18 2 430 706 10
1326 76 46 39 718 928 10
1327 31 39 14 99 388 10
1328 33 12 22 722 884 10
1329 56 8 19 638 724 10
1330 5 75 34 719 901 10
1331 63 69 15 775 938 10
1332 31 36 1 575 630 10
1333 53 38 7 613 950 10
1334 62 67 18 135 274 10
1335 65 15 23 313 511 10
1336 8 57 9 799 980 10
1337 34 77 12 877 914 10
1338 68 31 15 204 363 10
1339 70 53 23 819 934 10
1340 8 46 26 123 132 10
1341 52 77 22 619 943 10
1342 15 32 9 927 973 10
1343 38 40 27 332 523 10
1344 50 31 5 673 900 10
1345 3 67 14 819 968 10
1346 53 9 20 725 934 10
1347 46 56 39 720 957 10
1348 30 65 10 391 884 10
1349 51 74 9 392 492 10
1350 36 30 21 788 961 10
1351 13 27 21 151 301 10
1352 37 24 10 72 324 10
1353 73 35 22 868 930 10
1354 54 31 10 884 946 10
1355 61 17 7 110 141 10
1356 54 54 2 225 645 10
1357 70 43 18 538 934 10
1358 9 27 23 786 967 10
1359 30 4 24 749 795 10
1360 65 78 26 896 932 10
1361 28 6 13 923 944 10
1362 64 12 22 861 927 10
1363 30 78 30 430 710 10
1364 21 18 15 691 950 10
1365 51 43 17 160 490 10
1366 37 62 10 57 206 10
1367 51 28 1 830 881 10
1368 30 15 19 848 952 10
1369 26 50 4 84 227 10
1370 42 73 10 810 952 10
1371 56 42 27 127 702 10
1372 51 30 9 531 604 10
1373 10 76 14 604 963 10
1374 22 58 11 543 978 10
1375 7 18 10 285 359 10
1376 71 55 17 314 614 10
1377 40 13 3 885 946 10
1378 65 43 9 560 605 10
1379 41 46 22 377 819 10
1380 32 3 20 316 641 10
1381 8 48 13 592 864 10
1382 5 34 18 216 321 10
1383 67 66 1 572 935 10
1384 31 13 20 533 604 10
1385 36 3 29 597 799 10
1386 30 44 19 139 261 10
1387 66 50 2 877 938 10
1388 8 48 5 633 738 10
1389 31 26 26 430 601 10
1390 69 79 11 571 664 10
1391 51 58 24 484 880 10
1392 41 66 37 683 742 10
1393 49 77 14 801 946 10
1394 23 67 21 742 969 10
1395 43 3 5 422 679 10
1396 7 79 8 798 817 10
1397 18 10 14 396 598 10
1398 21 7 19 302 370 10
1399 4 34 22 660 971 10
1400 56 74 27 335 349 10
1401 71 26 20 211 332 10
1402 14 62 2 484 593 10
1403 51 44 25 393 952 10
1404 45 60 2 74 170 10
1405 50 22 19 290 299 10
1406 19 33 12 451 909 10
1407 6 59 26 263 367 10
1408 23 28 22 268 338 10
1409 44 19 29 323 536 10
1410 13 29 9 714 969 10
1411 69 39 16 129 260 10
1412 26 46 16 613 679 10
1413 3 75 3 295 397 10
1414 71 70 19 168 220 10
1415 28 44 1 285 359 10
1416 51 62 16 215 448 10
1417 0 56 13 213 272 10
1418 2 66 2 111 221 10
1419 56 39 10 318 336 10
1420 0 46 13 463 719 10
1421 11 9 19 94 218 10
1422 15 59 34 231 581 10
1423 17 9 1 467 722 10
1424 56 67 27 883 944 10
1425 38 7 19 170 538 10
1426 65 23 7 333 543 10
1427 16 46 22 512 791 10
1428 38 68 18 38 471 10
1429 63 65 12 303 319 10
1430 57 60 6 751 869 10
1431 46 78 19 366 688 10
1432 45 9 36 149 243 10
1433 25 46 14 25 28 10
1434 55 37 26 114 263 10
1435 37 12 18 44 488 10
1436 73 57 2 734 931 10
1437 44 14 23 596 944 10
1438 56 46 19 191 361 10
1439 37 26 23 223 505 10
1440 44 7 7 294 924 10
1441 63 40 19 886 936 10
1442 15 51 5 377 634 10
1443 74 15 23 504 800 10
1444 72 32 18 325 597 10
1445 41 48 2 164 358 10
1446 63 16 9 574 930 10
1447 23 66 23 359 582 10
1448 72 58 21 235 261 10
1449 21 37 34 737 758 10
1450 6 0 32 746 886 10
1451 44 76 30 138 795 10
1452 2 5 30 602 943 10
1453 46 21 27 67 612 10
1454 38 25 32 216 546 10
1455 69 32 7 919 932 10
1456 8 38 3 762 976 10
1457 78 5 17 734 911 10
1458 68 78 21 836 928 10
1459 17 3 29 584 606 10
1460 78 36 11 746 925 10
1461 4 70 22 401 577 10
1462 13 62 29 93 802 10
1463 10 19 31 462 582 10
1464 73 25 25 718 805 10
1465 30 12 26 327 750 10
1466 36 75 15 149 167 10
1467 50 46 12 604 705 10
1468 9 51 14 600 983 10
1469 33 72 10 494 526 10
1470 62 74 1 307 337 10
1471 27 57 8 572 699 10
1472 65 37 32 796 936 10
1473 27 73 13 67 142 10
1474 75 53 36 329 634 10
1475 11 74 2 519 549 10
1476 62 36 15 455 610 10
1477 0 61 18 643 971 10
1478 26 43 7 356 571 10
1479 58 70 11 623 633 10
1480 4 20 8 99 158 10
1481 42 39 18 41 409 10
1482 74 4 1 785 794 10
1483 76 27 20 156 224 10
1484 45 55 7 223 380 10
1485 39 1 21 932 935 10
1486 67 60 16 798 936 10
1487 26 38 5 96 294 10
1488 30 37 6 30 212 10
1489 56 51 1 455 590 10
1490 33 13 14 641 949 10
1491 44 26 14 305 811 10
1492 67 12 20 326 362 10
1493 13 4 26 890 944 10
1494 77 43 32 499 780 10
1495 25 10 19 236 949 10
1496 33 76 1 467 548 10
1497 30 75 21 941 960 10
1498 65 44 8 899 939 10
1499 75 31 10 305 393 10
1500 74 38 15 66 280 10
1501 4 1 7 453 785 10
1502 16 2 10 819 942 10
1503 35 24 39 609 846 10
1504 11 63 19 341 902 10
1505 52 50 21 365 841 10
1506 66 70 19 112 160 10
1507 48 23 26 463 538 10
1508 53 65 27 739 836 10
1509 76 3 8 658 672 10
1510 59 51 15 846 944 10
1511 53 67 1 503 947 10
1512 53 61 22 787 950 10
1513 42 51 14 356 935 10
1514 43 56 16 59 352 10
1515 4 36 30 158 358 10
1516 61 66 4 307 499 10
1517 5 75 33 297 766 10
1518 11 52 7 966 985 10
1519 9 59 16 750 977 10
1520 44 4 19 616 850 10
1521 68 51 16 916 936 10
1522 34 7 16 601 625 10
1523 3 22 3 254 268 10
1524 29 70 6 884 964 10
1525 3 43 10 62 112 10
1526 26 20 16 428 476 10
1527 51 16 1 520 730 10
1528 4 58 16 280 459 10
1529 13 11 1 366 951 10
1530 33 22 16 896 957 10
1531 45 40 10 867 951 10
1532 8 37 2 973 976 10
1533 11 25 25 514 653 10
1534 50 71 22 749 949 10
1535 46 58 8 826 957 10
1536 39 47 3 866 965 10
1537 35 51 16 644 657 10
1538 5 36 11 278 446 10
1539 21 70 30 283 480 10
1540 15 27 12 252 418 10
1541 65 69 18 76 434 10
1542 27 5 19 371 785 10
1543 32 25 6 663 791 10
1544 11 69 11 79 488 10
1545 19 74 25 206 466 10
1546 58 29 8 200 380 10
1547 27 5 31 585 595 10
1548 33 44 20 434 594 10
1549 30 14 21 138 636 10
1550 39 35 18 581 676 10
1551 71 27 28 152 579 10
1552 0 15 7 923 952 10
1553 40 60 7 372 630 10
1554 73 18 6 563 785 10
1555 51 47 13 936 952 10
1556 55 55 2 372 626 10
1557 33 60 2 838 841 10
1558 35 7 14 398 623 10
1559 70 42 18 634 934 10
1560 63 75 26 354 697 10
1561 19 26 6 691 965 10
1562 64 32 28 421 936 10
1563 22 65 12 743 972 10
1564 50 46 27 793 953 10
1565 47 44 10 717 957 10
1566 22 58 14 779 885 10
1567 10 32 1 908 972 10
1568 39 32 5 860 910 10
1569 8 6 9 635 731 10
1570 78 78 7 446 544 10
1571 40 65 9 765 861 10
1572 60 37 12 398 626 10
1573 35 71 7 283 286 10
1574 25 56 28 436 529 10
1575 0 56 24 859 969 10
1576 52 6 22 760 910 10
1577 40 75 1 751 755 10
1578 50 60 12 115 443 10
1579 23 23 28 610 681 10
1580 7 29 22 329 916 10
1581 58 2 13 177 643 10
1582 29 25 22 148 282 10
1583 54 5 5 301 365 10
1584 55 19 14 388 404 10
1585 49 51 20 760 766 10
1586 42 62 5 79 296 10
1587 0 10 12 323 861 10
1588 67 52 6 383 557 10
1589 49 79 4 923 944 10
1590 53 17 7 454 748 10
1591 73 20 15 288 457 10
1592 63 40 21 788 919 10
1593 53 43 11 743 951 10
1594 6 45 20 252 345 10
1595 65 0 1 490 886 10
1596 71 13 17 108 254 10
1597 78 26 2 638 922 10
1598 56 26 32 707 765 10
1599 25 65 42 151 471 10
1600 51 78 19 869 943 10
1601 57 38 24 858 946 10
1602 57 49 18 900 947 10
1603 63 76 27 668 752 10
1604 7 16 5 100 223 10
1605 50 24 20 438 739 10
1606 42 52 29 849 963 10
1607 68 53 1 191 546 10
1608 24 39 6 182 425 10
1609 26 17 27 120 132 10
1610 5 53 1 159 208 10
1611 20 6 28 121 287 10
1612 63 75 14 242 811 10
1613 55 45 36 499 558 10
1614 55 63 16 385 519 10
1615 57 48 18 894 948 10
1616 9 11 26 940 951 10
1617 14 57 14 178 305 10
1618 50 31 10 582 617 10
1619 60 50 2 527 734 10
1620 54 1 42 74 625 10
1621 71 59 36 882 933 10
1622 27 52 16 618 701 10
1623 53 53 9 268 345 10
1624 78 39 9 902 925 10
1625 52 73 1 200 649 10
1626 5 77 14 189 944 10
1627 49 50 19 479 498 10
1628 15 61 15 656 947 10
1629 58 21 24 254 409 10
1630 67 46 11 589 684 10
1631 6 38 17 326 358 10
1632 15 10 3 731 789 10
1633 53 70 23 700 946 10
1634 52 52 20 881 952 10
1635 44 56 6 154 476 10
1636 27 32 18 616 849 10
1637 37 29 7 416 523 10
1638 40 30 5 716 795 10
1639 36 62 21 367 505 10
1640 0 50 22 38 519 10
1641 46 18 10 141 320 10
1642 54 78 1 291 329 10
1643 54 10 22 467 559 10
1644 13 28 30 23 40 10
1645 34 9 11 682 736 10
1646 62 9 5 103 471 10
1647 30 79 1 952 956 10
1648 72 34 24 307 625 10
1649 31 3 16 293 615 10
1650 11 37 5 55 63 10
1651 45 15 3 927 944 10
1652 14 37 19 500 573 10
1653 73 47 19 611 662 10
1654 17 42 26 650 982 10
1655 45 35 10 322 454 10
1656 2 72 1 467 589 10
1657 48 43 11 766 865 10
1658 53 13 10 765 919 10
1659 62 15 29 482 802 10
1660 20 73 23 276 619 10
1661 55 34 16 295 480 10
1662 67 59 3 338 542 10
1663 59 8 5 215 240 10
1664 17 65 5 950 973 10
1665 19 65 3 242 269 10
1666 19 52 13 914 985 10
1667 29 13 8 398 905 10
1668 38 36 16 894 963 10
1669 29 17 21 686 826 10
1670 31 17 18 69 270 10
1671 32 74 1 565 864 10
1672 5 42 10 504 521 10
1673 78 52 31 401 718 10
1674 71 70 4 878 928 10
1675 22 74 13 610 964 10
1676 55 76 21 811 941 10
1677 32 2 19 259 602 10
1678 45 6 9 99 264 10
1679 75 58 15 316 324 10
1680 52 27 3 290 479 10
1681 4 68 25 172 262 10
1682 52 28 24 787 846 10
1683 36 42 22 618 710 10
1684 55 0 16 555 802 10
1685 37 28 16 80 587 10
1686 61 51 21 583 617 10
1687 56 22 18 484 509 10
1688 21 23 1 409 594 10
1689 20 44 20 864 872 10
1690 19 76 37 896 963 10
1691 35 50 20 572 577 10
1692 6 20 28 36 107 10
1693 16 67 24 717 971 10
1694 70 57 13 532 934 10
1695 44 73 6 142 379 10
1696 10 55 13 376 470 10
1697 45 27 20 911 952 10
1698 60 66 16 204 242 10
1699 73 8 22 828 832 10
1700 39 68 14 119 267 10
1701 47 75 2 188 281 10
1702 77 62 22 82 417 10
1703 71 36 9 287 613 10
1704 1 70 13 584 709 10
1705 46 42 14 250 556 10
1706 51 20 16 476 610 10
1707 78 1 15 211 282 10
1708 16 23 27 43 83 10
1709 12 38 15 800 906 10
1710 51 33 17 403 609 10
1711 48 46 26 173 372 10
1712 67 41 14 265 451 10
1713 64 41 14 600 642 10
1714 75 11 17 330 625 10
1715 4 74 12 397 811 10
1716 17 21 4 82 353 10
1717 66 62 21 109 389 10
1718 45 24 8 241 556 10
1719 56 76 3 284 684 10
1720 77 64 1 379 639 10
1721 69 77 19 768 813 10
1722 30 51 20 124 497 10
1723 51 17 1 326 384 10
1724 70 45 18 143 307 10
1725 23 28 9 451 513 10
1726 1 60 27 293 755 10
1727 22 21 13 366 679 10
1728 10 2 5 135 384 10
1729 63 12 10 138 174 10
1730 79 15 11 141 426 10
1731 3 38 25 604 849 10
1732 77 4 14 833 911 10
1733 23 70 5 727 967 10
1734 28 24 6 725 961 10
1735 20 53 2 557 972 10
1736 73 68 5 640 658 10
1737 14 51 15 747 986 10
1738 6 66 19 457 588 10
1739 53 15 9 231 234 10
1740 51 46 24 93 238 10
1741 31 46 4 117 166 10
1742 14 10 30 935 950 10
1743 8 46 32 793 806 10
1744 25 67 3 252 775 10
1745 7 36 23 949 974 10
1746 47 54 9 193 372 10
1747 48 31 11 465 860 10
1748 51 52 11 921 952 10
1749 77 26 24 165 359 10
1750 0 77 7 573 611 10
1751 43 8 10 145 186 10
1752 1 68 3 716 757 10
1753 45 71 17 690 766 10
1754 58 77 3 225 603 10
1755 71 40 20 188 492 10
1756 45 66 24 708 955 10
1757 5 38 28 355 534 10
1758 63 27 19 166 221 10
1759 19 52 14 285 434 10
1760 28 45 13 224 261 10
1761 26 75 7 583 754 10
1762 4 20 32 294 909 10
1763 35 12 1 401 405 10
1764 17 23 22 629 831 10
1765 41 70 16 310 591 10
1766 76 76 15 428 530 10
1767 70 72 19 802 834 10
1768 57 4 2 797 927 10
1769 39 78 5 796 952 10
1770 11 50 16 864 915 10
1771 68 11 16 87 476 10
1772 1 43 4 331 449 10
1773 61 77 24 95 139 10
1774 60 21 1 234 787 10
1775 8 62 1 952 975 10
1776 78 49 16 497 674 10
1777 38 17 19 413 886 10
1778 46 51 1 319 779 10
1779 74 77 32 721 807 10
1780 19 78 42 118 579 10
1781 9 62 42 884 975 10
1782 38 64 3 313 629 10
1783 36 5 24 164 211 10
1784 17 72 13 861 967 10
1785 42 67 2 546 957 10
1786 23 51 5 488 736 10
1787 42 8 21 210 260 10
1788 72 20 5 174 200 10
1789 71 28 21 677 860 10
1790 18 3 8 716 941 10
1791 54 27 18 200 297 10
1792 41 27 20 409 517 10
1793 28 70 11 265 305 10
1794 19 2 21 533 838 10
1795 8 60 10 712 725 10
1796 6 30 12 775 921 10
1797 72 56 9 711 776 10
1798 25 41 1 532 667 10
1799 51 23 9 848 944 10
1800 66 62 2 262 936 10
1801 56 36 12 908 946 10
1802 9 60 1 408 644 10
1803 53 8 29 911 933 10
1804 40 70 1 99 141 10
1805 66 51 23 882 938 10
1806 19 9 16 710 741 10
1807 70 11 17 571 712 10
1808 7 36 22 68 236 10
1809 28 63 11 738 844 10
1810 50 22 12 886 944 10
1811 4 6 7 810 944 10
1812 37 27 10 811 958 10
1813 38 78 6 921 940 10
1814 9 24 36 304 568 10
1815 33 47 11 194 335 10
1816 43 68 27 584 676 10
1817 10 79 9 791 959 10
1818 21 12 20 764 952 10
1819 52 12 10 258 382 10
1820 7 74 22 736 964 10
1821 2 36 14 549 694 10
1822 49 42 18 663 746 10
1823 6 29 25 212 586 10
1824 79 7 19 638 913 10
1825 60 2 24 494 657 10
1826 56 34 15 647 849 10
1827 10 3 24 185 505 10
1828 67 1 20 107 911 10
1829 57 61 34 802 856 10
1830 23 15 18 359 807 10
1831 54 14 9 815 855 10
1832 70 41 26 529 730 10
1833 45 29 34 82 133 10
1834 14 10 16 273 300 10
1835 18 21 26 75 409 10
1836 52 13 26 484 936 10
1837 79 67 13 272 408 10
1838 54 2 13 137 366 10
1839 10 64 12 62 433 10
1840 67 57 10 393 550 10
1841 19 46 2 143 279 10
1842 72 49 8 453 810 10
1843 61 41 17 709 861 10
1844 67 35 28 643 721 10
1845 49 40 27 310 483 10
1846 77 31 6 555 717 10
1847 6 27 30 501 731 10
1848 12 14 5 275 753 10
1849 28 30 6 150 356 10
1850 11 34 17 908 974 10
1851 10 33 20 535 678 10
1852 36 29 3 246 441 10
1853 12 36 4 451 799 10
1854 75 61 6 274 331 10
1855 8 12 3 702 952 10
1856 57 40 32 112 224 10
1857 14 26 16 187 471 10
1858 60 54 5 197 401 10
1859 76 67 11 238 801 10
1860 50 35 17 445 813 10
1861 79 6 16 179 332 10
1862 58 24 22 75 258 10
1863 16 26 26 206 218 10
1864 52 41 22 874 951 10
1865 24 55 12 610 762 10
1866 52 21 20 508 732 10
1867 21 54 3 639 893 10
1868 57 0 7 764 925 10
1869 76 49 23 889 928 10
1870 59 67 7 421 728 10
1871 1 7 1 659 944 10
1872 28 3 17 417 791 10
1873 47 54 15 843 957 10
1874 39 73 28 433 459 10
1875 19 19 4 539 959 10
1876 50 19 3 154 426 10
1877 74 22 10 661 890 10
1878 10 20 1 231 455 10
1879 54 75 16 808 822 10
1880 35 3 23 746 939 10
1881 1 19 5 802 860 10
1882 36 69 9 384 387 10
1883 34 25 22 657 950 10
1884 21 42 31 138 617 10
1885 68 47 34 806 936 10
1886 29 43 15 332 374 10
1887 57 1 28 831 925 10
1888 60 44 15 544 906 10
1889 40 54 6 189 241 10
1890 25 26 28 288 777 10
1891 57 37 28 725 944 10
1892 2 72 16 553 918 10
1893 69 10 21 595 711 10
1894 71 41 13 746 932 10
1895 5 53 23 229 770 10
1896 49 13 8 288 447 10
1897 4 29 17 897 967 10
1898 52 43 32 363 498 10
1899 45 44 28 558 959 10
1900 62 65 15 599 694 10
1901 32 49 7 930 972 10
1902 64 60 19 353 739 10
1903 31 32 21 903 966 10
1904 26 59 8 365 382 10
1905 36 44 10 434 608 10
1906 2 0 30 694 939 10
1907 25 55 14 619 827 10
1908 42 54 11 322 425 10
1909 34 61 25 574 743 10
1910 33 46 31 151 368 10
1911 79 57 16 637 877 10
1912 37 51 25 434 522 10
1913 44 5 27 588 811 10
1914 61 15 16 106 411 10
1915 60 9 14 252 615 10
1916 26 66 2 158 408 10
1917 43 3 15 77 212 10
1918 6 40 5 351 749 10
1919 24 69 23 443 807 10
1920 75 67 19 200 206 10
1921 37 5 15 200 392 10
1922 24 20 9 209 601 10
1923 63 61 9 617 940 10
1924 44 11 29 322 339 10
1925 41 44 10 760 869 10
1926 26 2 11 537 594 10
1927 58 21 28 894 932 10
1928 24 44 14 753 978 10
1929 53 57 12 95 298 10
1930 56 30 24 934 944 10
1931 1 26 10 653 963 10
1932 72 35 28 455 806 10
1933 49 28 14 455 495 10
1934 56 56 15 44 299 10
1935 1 38 7 202 496 10
1936 43 16 4 465 579 10
1937 66 36 13 857 869 10
1938 20 47 21 107 262 10
1939 4 61 20 31 44 10
1940 5 54 6 61 472 10
1941 25 29 26 375 536 10
1942 41 67 25 96 633 10
1943 8 79 27 910 959 10
1944 77 50 15 756 927 10
1945 28 40 30 900 973 10
1946 5 72 31 663 869 10
1947 61 29 20 484 939 10
1948 60 53 17 233 317 10
1949 18 35 2 886 975 10
1950 69 76 10 118 377 10
1951 25 66 12 598 969 10
1952 49 20 17 744 944 10
1953 46 66 17 159 345 10
1954 19 21 31 654 875 10
1955 10 63 27 314 555 10
1956 35 74 3 788 958 10
1957 54 39 28 690 787 10
1958 10 37 20 503 976 10
1959 53 58 23 688 885 10
1960 43 23 20 351 951 10
1961 64 36 29 223 281 10
1962 76 17 1 260 290 10
1963 47 76 4 739 947 10
1964 40 9 17 619 753 10
1965 17 2 38 577 942 10
1966 73 14 34 451 547 10
1967 66 78 8 105 296 10
1968 46 79 13 703 946 10
1969 11 44 1 474 806 10
1970 47 8 1 536 849 10
1971 32 61 12 594 681 10
1972 20 63 24 581 592 10
1973 59 42 38 250 386 10
1974 77 60 20 441 537 10
1975 63 46 42 204 666 10
1976 37 4 21 223 225 10
1977 22 41 11 278 367 10
1978 47 29 23 718 951 10
1979 68 2 22 709 918 10
1980 50 48 5 265 838 10
1981 6 22 21 949 961 10
1982 36 33 8 495 663 10
1983 14 32 26 358 480 10
1984 65 65 1 748 931 10
1985 71 61 22 653 932 10
1986 3 35 14 815 942 10
1987 12 61 2 814 977 10
1988 5 18 28 834 957 10
1989 26 72 19 639 656 10
1990 59 2 27 121 733 10
1991 0 30 1 310 931 10
1992 66 35 11 758 923 10
1993 67 8 1 610 923 10
1994 3 71 31 105 204 10
1995 16 54 27 547 649 10
1996 63 67 13 871 938 10
1997 32 78 14 748 790 10
1998 48 47 21 656 956 10
1999 35 34 14 733 964 10
2000 11 5 9 802 944 10
