data distance matrix:[
[0, 48, 40, 49, 46, 50, 43, 45, 49, 43, 41, 43, 42, 48, 45, 49, 51, 50, 55, 50, 45, 55, 45, 55, 45, 55],
 [38, 0, 20, 13, 17, 15, 22, 24, 21, 62, 57, 58, 53, 63, 54, 60, 61, 57, 92, 86, 82, 91, 81, 91, 81, 90],
 [30, 20, 0, 20, 15, 20, 14, 17, 18, 51, 47, 47, 43, 53, 44, 50, 51, 47, 83, 78, 73, 82, 72, 81, 72, 81],
 [39, 13, 20, 0, 15, 12, 20, 22, 18, 61, 56, 57, 52, 62, 53, 59, 60, 55, 92, 87, 82, 92, 82, 91, 81, 91],
 [36, 17, 15, 15, 0, 15, 15, 17, 15, 56, 51, 51, 47, 57, 48, 53, 54, 50, 88, 83, 78, 87, 78, 87, 77, 86],
 [40, 15, 20, 12, 15, 0, 20, 21, 17, 60, 56, 56, 51, 62, 52, 58, 59, 54, 93, 88, 83, 92, 82, 92, 82, 91],
 [33, 22, 14, 20, 15, 20, 0, 13, 15, 50, 45, 46, 41, 52, 42, 48, 49, 44, 84, 79, 74, 83, 73, 82, 73, 82],
 [35, 24, 17, 22, 17, 21, 13, 0, 15, 50, 45, 45, 40, 51, 41, 47, 48, 43, 85, 80, 75, 84, 75, 83, 74, 82],
 [39, 21, 18, 18, 15, 17, 15, 15, 0, 55, 50, 50, 45, 56, 46, 52, 52, 48, 90, 85, 80, 89, 79, 88, 78, 87],
 [33, 62, 51, 61, 56, 60, 50, 50, 55, 0, 15, 15, 20, 15, 21, 19, 21, 24, 55, 50, 47, 52, 46, 51, 44, 49],
 [31, 57, 47, 56, 51, 56, 45, 45, 50, 15, 0, 12, 15, 17, 17, 18, 20, 21, 58, 53, 50, 56, 49, 54, 47, 53],
 [33, 58, 47, 57, 51, 56, 46, 45, 50, 15, 12, 0, 15, 15, 15, 16, 18, 19, 60, 55, 52, 57, 50, 56, 49, 54],
 [32, 53, 43, 52, 47, 51, 41, 40, 45, 20, 15, 15, 0, 20, 13, 17, 19, 18, 63, 58, 55, 61, 53, 60, 52, 58],
 [38, 63, 53, 62, 57, 62, 52, 51, 56, 15, 17, 15, 20, 0, 20, 15, 17, 21, 59, 54, 52, 56, 50, 54, 48, 52],
 [35, 54, 44, 53, 48, 52, 42, 41, 46, 21, 17, 15, 13, 20, 0, 15, 17, 15, 65, 60, 57, 63, 56, 61, 54, 60],
 [39, 60, 50, 59, 53, 58, 48, 47, 52, 19, 18, 16, 17, 15, 15, 0, 12, 15, 64, 60, 57, 61, 55, 60, 53, 58],
 [41, 61, 51, 60, 54, 59, 49, 48, 52, 21, 20, 18, 19, 17, 17, 12, 0, 15, 66, 61, 58, 63, 57, 61, 55, 59],
 [40, 57, 47, 55, 50, 54, 44, 43, 48, 24, 21, 19, 18, 21, 15, 15, 15, 0, 69, 64, 61, 66, 60, 65, 58, 63],
 [45, 92, 83, 92, 88, 93, 84, 85, 90, 55, 58, 60, 63, 59, 65, 64, 66, 69, 0, 15, 20, 14, 20, 16, 21, 19],
 [40, 86, 78, 87, 83, 88, 79, 80, 85, 50, 53, 55, 58, 54, 60, 60, 61, 64, 15, 0, 15, 15, 15, 16, 16, 18],
 [35, 82, 73, 82, 78, 83, 74, 75, 80, 47, 50, 52, 55, 52, 57, 57, 58, 61, 20, 15, 0, 20, 12, 20, 14, 22],
 [45, 91, 82, 92, 87, 92, 83, 84, 89, 52, 56, 57, 61, 56, 63, 61, 63, 66, 14, 15, 20, 0, 20, 12, 20, 15],
 [35, 81, 72, 82, 78, 82, 73, 75, 79, 46, 49, 50, 53, 50, 56, 55, 57, 60, 20, 15, 12, 20, 0, 20, 12, 21],
 [45, 91, 81, 91, 87, 92, 82, 83, 88, 51, 54, 56, 60, 54, 61, 60, 61, 65, 16, 16, 20, 12, 20, 0, 20, 13],
 [35, 81, 72, 81, 77, 82, 73, 74, 78, 44, 47, 49, 52, 48, 54, 53, 55, 58, 21, 16, 14, 20, 12, 20, 0, 20],
 [45, 90, 81, 91, 86, 91, 82, 82, 87, 49, 53, 54, 58, 52, 60, 58, 59, 63, 19, 18, 22, 15, 21, 13, 20, 0]]
